Broom Hill Whitmore Avenue (W-bound)
0445	then every 20 minutes until	0545	0600	0620	0635	0650	0705	then every 15 minutes until	0805	0820	0835	0850	0905	0920	0935	0950	1005	1020	1035	1050	1105	1120	1135	then every 15 minutes until	1220	1235	1250	1305	1320	1335	1350	1405	1420	1435	1450	1505	then every 15 minutes until	1605	1620	1635	1650	1705	1720	1735	1750	1805	1825	1845	1907	1937	2007	2037	2107	2137	then every 30 minutes until	2337
Broom Hill Wyndham Crescent (NW-bound)
0445	0545	0600	0620	0635	0650	0706	0806	0821	0836	0851	0906	0921	0936	0951	1006	1021	1036	1051	1106	1121	1136	1221	1236	1251	1306	1321	1336	1351	1406	1421	1436	1451	1506	1606	1621	1636	1651	1706	1721	1736	1751	1805	1825	1845	1907	1937	2007	2037	2107	2137	2337
Broom Hill Fermaine Avenue (W-bound)
0446	0546	0601	0621	0636	0651	0707	0807	0822	0837	0851	0906	0922	0936	0952	1007	1022	1036	1052	1106	1121	1137	1222	1236	1251	1307	1322	1337	1351	1407	1422	1437	1451	1507	1607	1621	1637	1652	1706	1722	1737	1752	1807	1827	1847	1909	1939	2007	2037	2107	2138	2338
Broom Hill Guernsey Avenue (W-bound)
0447	0547	0602	0622	0637	0652	0709	0809	0824	0839	0851	0906	0923	0936	0953	1008	1023	1036	1053	1106	1121	1138	1223	1236	1251	1308	1323	1338	1351	1408	1423	1438	1451	1508	1608	1621	1638	1653	1706	1723	1738	1753	1807	1827	1847	1909	1939	2007	2037	2107	2139	2339
Brislington Sherwell Road (W-bound)
0449	0549	0604	0624	0639	0654	0710	0810	0825	0840	0851	0906	0925	0936	0955	1010	1025	1036	1055	1106	1121	1140	1225	1236	1251	1310	1325	1340	1351	1410	1425	1440	1451	1510	1610	1621	1640	1655	1706	1725	1740	1755	1809	1829	1849	1911	1941	2007	2037	2107	2141	2341
Brislington Wick Crescent (W-bound)
0450	0550	0605	0625	0640	0655	0711	0811	0826	0841	0851	0906	0926	0936	0956	1011	1026	1036	1056	1106	1121	1141	1226	1236	1251	1311	1326	1341	1351	1411	1426	1441	1451	1511	1611	1621	1641	1656	1706	1726	1741	1756	1810	1830	1850	1912	1942	2007	2037	2107	2142	2342
Sandy Park Winchester Road (NW-bound)
0450	0550	0605	0625	0640	0655	0713	0813	0828	0843	0851	0906	0927	0936	0957	1012	1027	1036	1057	1106	1121	1142	1227	1236	1251	1312	1327	1342	1351	1412	1427	1442	1451	1512	1612	1621	1642	1657	1706	1727	1742	1757	1811	1831	1851	1913	1943	2007	2037	2107	2142	2342
Sandy Park Repton Road (NW-bound)
0451	0551	0606	0626	0641	0656	0714	0814	0829	0844	0851	0906	0928	0936	0958	1013	1028	1036	1058	1106	1121	1143	1228	1236	1251	1313	1328	1343	1351	1413	1428	1443	1451	1513	1613	1621	1643	1658	1706	1728	1743	1758	1811	1831	1851	1913	1943	2007	2037	2107	2143	2343
Arno's Vale Arnos Court (A)
0452	0552	0607	0627	0642	0657	0715	0815	0830	0845	0851	0906	0930	0936	1000	1015	1030	1036	1100	1106	1121	1145	1230	1236	1251	1315	1330	1345	1351	1415	1430	1445	1451	1515	1615	1621	1645	1700	1706	1730	1745	1800	1812	1832	1852	1914	1944	2007	2037	2107	2144	2344
Arno's Vale Arnos Court (D)
0452	0552	0607	0627	0642	0657	0717	0817	0832	0847	0851	0906	0931	0936	1001	1016	1031	1036	1101	1106	1121	1146	1231	1236	1251	1316	1331	1346	1351	1416	1431	1446	1451	1516	1616	1621	1646	1701	1706	1731	1746	1801	1813	1833	1853	1915	1945	2007	2037	2107	2144	2344
Arno's Vale Paintworks (W-bound)
0453	0553	0608	0628	0643	0658	0718	0818	0833	0848	0851	0906	0932	0936	1002	1017	1032	1036	1102	1106	1121	1147	1232	1236	1251	1317	1332	1347	1351	1417	1432	1447	1451	1517	1617	1621	1647	1702	1706	1732	1747	1802	1814	1834	1854	1916	1946	2007	2037	2107	2145	2345
Totterdown Bridge (W-bound)
0454	0554	0609	0629	0644	0659	0719	0819	0834	0849	0851	0906	0933	0936	1003	1018	1033	1036	1103	1106	1121	1148	1233	1236	1251	1318	1333	1348	1351	1418	1433	1448	1451	1518	1618	1621	1648	1703	1706	1733	1748	1803	1815	1835	1855	1917	1947	2007	2037	2107	2146	2346
Temple Meads Stn (T7)
0458	0558	0613	0633	0648	0703	0721	0821	0836	0851	0851	0906	0935	0936	1005	1020	1035	1036	1105	1106	1121	1150	1235	1236	1251	1320	1335	1350	1351	1420	1435	1450	1451	1520	1620	1621	1650	1705	1706	1735	1750	1805	1819	1839	1859	1921	1951	2007	2037	2107	2150	2350
Redcliffe Victoria Street (R6)
0458	0558	0613	0633	0648	0704	0722	0822	0837	0852	0851	0906	0936	0936	1006	1021	1036	1036	1106	1106	1121	1151	1236	1236	1251	1321	1336	1351	1351	1421	1437	1452	1451	1522	1622	1621	1652	1707	1706	1737	1752	1805	1819	1839	1859	1921	1951	2007	2037	2107	2150	2350
Redcliffe Bristol Bridge (R8)
0459	0559	0614	0634	0649	0706	0724	0824	0839	0854	0851	0906	0938	0936	1008	1023	1038	1036	1108	1106	1121	1153	1238	1236	1251	1323	1338	1353	1351	1423	1439	1454	1451	1524	1624	1621	1654	1709	1706	1739	1754	1806	1820	1840	1900	1922	1952	2007	2037	2107	2151	2351
Broadmead Union Street (B16)
0503	0603	0618	0638	0653	0708	0726	0826	0841	0856	0851	0906	0940	0936	1010	1025	1040	1036	1110	1106	1121	1155	1240	1236	1251	1325	1340	1355	1351	1425	1442	1457	1451	1527	1627	1621	1657	1712	1706	1742	1757	1810	1824	1844	1904	1926	1956	2007	2037	2107	2155	2355
0504	0604	0619	0639	0654	0710	0728	0828	0843	0858	0853	0908	0942	0938	1012	1027	1042	1038	1112	1108	1123	1157	1242	1238	1253	1327	1342	1357	1353	1427	1444	1459	1453	1529	1629	1623	1659	1714	1708	1744	1759	1812	1826	1846	1906	1928	1958	2009	2039	2109	2157	2357
Bristol The Centre (C9)
0506	0606	0621	0641	0656	0712	0730	0830	0845	0900	0855	0910	0944	0940	1014	1029	1044	1040	1114	1110	1125	1159	1244	1240	1255	1329	1344	1359	1355	1429	1446	1501	1455	1531	1631	1625	1701	1716	1710	1746	1801	1815	1829	1849	1909	1931	2001	2012	2041	2111	2159	2359
Bristol College Green (P1)
0508	0608	0623	0643	0658	0714	0732	0832	0847	0902	0855	0910	0946	0940	1016	1031	1046	1040	1116	1110	1125	1201	1246	1240	1255	1331	1346	1401	1355	1431	1448	1503	1455	1533	1633	1625	1703	1718	1710	1748	1803	1817	1831	1851	1911	1933	2003	2012	2041	2111	2201	0001
Tyndall's Park Park Street Top (U1)
0510	0610	0625	0645	0700	0716	0734	0834	0849	0904	0855	0910	0948	0940	1018	1033	1048	1040	1118	1110	1125	1203	1248	1240	1255	1333	1348	1403	1355	1433	1451	1506	1455	1536	1636	1625	1706	1721	1710	1751	1806	1819	1833	1853	1913	1935	2005	2012	2041	2111	2203	0003
Tyndall's Park Triangle West (U3)
0511	0611	0626	0646	0701	0718	0736	0836	0851	0906	0855	0910	0950	0940	1020	1035	1050	1040	1120	1110	1125	1205	1250	1240	1255	1335	1350	1405	1355	1435	1453	1508	1455	1538	1638	1625	1708	1723	1710	1753	1808	1820	1834	1854	1914	1936	2006	2012	2041	2111	2204	0004
Clifton Belgrave Road (N-bound)
0512	0612	0627	0647	0702	0720	0738	0838	0853	0908	0855	0910	0952	0940	1022	1037	1052	1040	1122	1110	1125	1207	1252	1240	1255	1337	1352	1407	1355	1437	1455	1510	1455	1540	1640	1625	1710	1725	1710	1755	1810	1822	1836	1856	1916	1938	2008	2012	2041	2111	2205	0005
Clifton Down Station (N-bound)
0513	0613	0628	0648	0703	0722	0740	0840	0855	0910	0855	0910	0954	0940	1024	1039	1054	1040	1124	1110	1125	1209	1254	1240	1255	1339	1354	1409	1355	1439	1458	1513	1455	1543	1643	1625	1713	1728	1710	1758	1813	1823	1837	1857	1917	1939	2009	2012	2041	2111	2206	0006
Clifton Apsley Road (NW-bound)
0515	0615	0630	0650	0705	0724	0742	0842	0857	0912	0855	0910	0956	0940	1026	1041	1056	1040	1126	1110	1125	1211	1256	1240	1255	1341	1356	1411	1355	1441	1500	1515	1455	1545	1645	1625	1715	1730	1710	1800	1815	1825	1839	1859	1919	1941	2011	2012	2041	2111	2208	0008
Redland Black Boy Hill (B)
0517	0617	0632	0652	0707	0727	0745	0845	0900	0915	0855	0910	0958	0940	1028	1043	1058	1040	1128	1110	1125	1213	1258	1240	1255	1343	1358	1413	1355	1443	1503	1518	1455	1548	1648	1625	1718	1733	1710	1803	1818	1827	1841	1901	1921	1943	2013	2012	2041	2111	2210	0010
The Downs Durdham Park (N-bound)
0517	0617	0632	0652	0708	0728	0746	0846	0901	0916	0855	0910	0959	0940	1029	1044	1059	1040	1129	1110	1125	1214	1259	1240	1255	1344	1359	1414	1355	1444	1504	1519	1455	1549	1649	1625	1719	1734	1710	1803	1818	1827	1841	1901	1921	1943	2013	2012	2041	2111	2210	0010
Westbury Park Westbury Road (A)
0519	0619	0634	0654	0709	0729	0747	0847	0902	0917	0855	0910	1000	0940	1030	1045	1100	1040	1130	1110	1125	1215	1300	1240	1255	1345	1400	1415	1355	1445	1505	1520	1455	1550	1650	1625	1720	1735	1710	1805	1820	1829	1843	1903	1923	1945	2015	2012	2041	2111	2212	0012
Stoke Bishop Henleaze Gardens (N-bound)
0519	0619	0634	0654	0711	0731	0749	0849	0904	0919	0855	0910	1002	0940	1032	1047	1102	1040	1132	1110	1125	1217	1302	1240	1255	1347	1402	1417	1355	1447	1507	1522	1455	1552	1652	1625	1722	1737	1710	1806	1821	1830	1844	1904	1924	1946	2016	2012	2041	2111	2213	0013
Stoke Bishop Brecon Road (N-bound)
0520	0620	0635	0655	0712	0732	0750	0850	0905	0920	0855	0910	1003	0940	1033	1048	1103	1040	1133	1110	1125	1218	1303	1240	1255	1348	1403	1418	1355	1448	1508	1523	1455	1553	1653	1625	1723	1738	1710	1807	1822	1831	1845	1905	1925	1947	2017	2012	2041	2111	2214	0014
Westbury on Trym Southfield Road (N-bound)
0521	0621	0636	0656	0713	0733	0751	0851	0906	0921	0855	0910	1004	0940	1034	1049	1104	1040	1134	1110	1125	1219	1304	1240	1255	1349	1404	1419	1355	1449	1509	1524	1455	1554	1654	1625	1724	1739	1710	1808	1823	1832	1846	1906	1926	1948	2018	2012	2041	2111	2215	0015
Westbury on Trym Westbury Village (W-bound)
0523	0623	0638	0658	0715	0735	0753	0853	0908	0923	0855	0910	1006	0940	1036	1051	1106	1040	1136	1110	1125	1221	1306	1240	1255	1351	1406	1421	1355	1451	1511	1526	1455	1556	1656	1625	1726	1741	1710	1810	1825	1834	1848	1908	1928	1950	2020	2012	2041	2111	2217	0017
Westbury on Trym Falcondale Walk (NE-bound)
0524	0624	0639	0659	0716	0736	0754	0854	0909	0924	0855	0910	1007	0940	1037	1052	1107	1040	1137	1110	1125	1222	1307	1240	1255	1352	1407	1422	1355	1452	1512	1527	1455	1557	1657	1625	1727	1742	1710	1812	1827	1836	1850	1910	1930	1952	2022	2012	2041	2111	2218	0018
Westbury on Trym Brentry Hill (N-bound)
0525	0625	0640	0700	0717	0737	0755	0855	0910	0925	0855	0910	1008	0940	1038	1053	1108	1040	1138	1110	1125	1223	1308	1240	1255	1353	1408	1423	1355	1454	1514	1529	1455	1559	1659	1625	1729	1744	1710	1812	1827	1836	1850	1910	1930	1952	2022	2012	2041	2111	2219	0019
Brentry The Ridgeway (N-bound)
0526	0626	0641	0701	0719	0739	0757	0857	0911	0926	0855	0910	1009	0940	1039	1054	1109	1040	1139	1110	1125	1224	1309	1240	1255	1354	1409	1424	1355	1455	1515	1530	1455	1600	1700	1625	1730	1745	1710	1813	1828	1837	1851	1911	1931	1953	2023	2012	2041	2111	2220	0020
Brentry Lane (N-bound)
0527	0627	0642	0702	0720	0740	0758	0858	0912	0927	0855	0910	1010	0940	1040	1055	1110	1040	1140	1110	1125	1225	1310	1240	1255	1355	1410	1425	1355	1457	1517	1532	1455	1602	1702	1625	1732	1747	1710	1814	1829	1838	1852	1912	1932	1954	2024	2012	2041	2111	2221	0021
Brentry Roundabout (W-bound)
0528	0628	0643	0703	0721	0741	0759	0859	0913	0928	0855	0910	1011	0940	1041	1056	1111	1040	1141	1110	1125	1226	1311	1240	1255	1356	1411	1426	1355	1458	1518	1533	1455	1603	1703	1625	1733	1748	1710	1815	1830	1839	1853	1913	1933	1955	2025	2012	2041	2111	2222	0022
Henbury Crow Lane Lay-by (SW-bound)
0529	0629	0644	0704	0723	0743	0801	0901	0915	0930	0855	0910	1013	0940	1043	1058	1113	1040	1143	1110	1125	1228	1313	1240	1255	1358	1413	1428	1355	1500	1520	1535	1455	1605	1705	1625	1735	1750	1710	1817	1832	1841	1855	1915	1935	1957	2027	2012	2041	2111	2223	0023
Henbury The Salutation (C)
0529	0629	0644	0705	0724	0744	0802	0902	0916	0931	0855	0910	1014	0940	1044	1059	1114	1040	1144	1110	1125	1229	1314	1240	1255	1359	1414	1429	1355	1501	1521	1536	1455	1606	1706	1625	1736	1751	1710	1817	1832	1841	1855	1915	1935	1957	2027	2012	2041	2111	2223	0023
Henbury Avonmouth Way (N-bound)
0530	0630	0645	0706	0725	0745	0803	0903	0917	0932	0855	0910	1015	0940	1045	1100	1115	1040	1145	1110	1125	1230	1315	1240	1255	1400	1415	1430	1355	1502	1522	1537	1455	1607	1707	1625	1737	1752	1710	1818	1833	1842	1856	1916	1936	1958	2028	2012	2041	2111	2224	0024
Henbury Marissal Road (N-bound)
0531	0631	0646	0707	0726	0746	0804	0904	0918	0933	0855	0910	1016	0940	1046	1101	1116	1040	1146	1110	1125	1231	1316	1240	1255	1401	1416	1431	1355	1503	1523	1538	1455	1608	1708	1625	1738	1753	1710	1819	1834	1843	1857	1917	1937	1959	2029	2012	2041	2111	2225	0025
Henbury Tormarton Crescent (N-bound)
0532	0632	0647	0708	0727	0747	0805	0905	0919	0934	0855	0910	1017	0940	1047	1102	1117	1040	1147	1110	1125	1232	1317	1240	1255	1402	1417	1432	1355	1505	1525	1540	1455	1610	1710	1625	1740	1755	1710	1820	1835	1844	1858	1918	1938	2000	2030	2012	2041	2111	2226	0026
Cribbs Causeway Rugby Club (NE-bound)
0533	0633	0648	0710	0729	0749	0807	0907	0921	0936	0855	0910	1019	0940	1049	1104	1119	1040	1149	1110	1125	1234	1319	1240	1255	1404	1419	1434	1355	1506	1526	1541	1455	1611	1711	1625	1741	1756	1710	1821	1836	1845	1859	1919	1939	2001	2031	2012	2041	2111	2227	0027
Cribbs Causeway Catbrain Lane (E-bound)
0535	0635	0650	0711	0730	0750	0808	0908	0922	0937	0855	0910	1020	0940	1050	1105	1120	1040	1150	1110	1125	1235	1320	1240	1255	1405	1420	1435	1355	1507	1527	1542	1455	1612	1712	1625	1742	1757	1710	1823	1838	1847	1901	1921	1941	2003	2033	2012	2041	2111	2229	0029
Cribbs Causeway The Venue (E-bound)
0536	0636	0651	0712	0731	0751	0809	0909	0923	0938	0855	0910	1021	0940	1051	1106	1121	1040	1151	1110	1125	1236	1321	1240	1255	1406	1421	1436	1355	1509	1529	1544	1455	1614	1714	1625	1744	1759	1710	1824	1839	1848	1902	1922	1942	2004	2034	2012	2041	2111	2230	0030
Cribbs Causeway Retail Park (N-bound)
0536	0636	0651	0713	0732	0752	0810	0910	0924	0939	0855	0910	1022	0940	1052	1107	1122	1040	1152	1110	1125	1237	1322	1240	1255	1407	1422	1437	1355	1510	1530	1545	1455	1615	1715	1625	1745	1800	1710	1825	1840	1849	1903	1923	1943	2005	2035	2012	2041	2111	2230	0030
Cribbs Causeway Pegasus Road (SE-bound)
0538	0638	0653	0714	0733	0753	0811	0911	0925	0940	0855	0910	1023	0940	1053	1108	1123	1040	1153	1110	1125	1238	1323	1240	1255	1408	1423	1438	1355	1511	1531	1546	1455	1616	1716	1625	1746	1801	1710	1827	1842	1851	1905	1925	1945	2007	2037	2012	2041	2111	2232	0032
Cribbs Causeway Bus Station (Stop A)
0539	0639	0654	0716	0735	0755	0813	0913	0927	0942	0855	0910	1025	0940	1055	1110	1125	1040	1155	1110	1125	1240	1325	1240	1255	1410	1425	1440	1355	1513	1533	1548	1455	1618	1718	1625	1748	1803	1710	1828	1843	1852	1906	1926	1946	2008	2038	2012	2041	2111	2233	0033